G in BIG-ENDIAN binary: 3071 used bits

0110001111110000111010010010101000110110111001100110110100110010001100
1110000001000001001110110100110100110111011010101110011011111101110111
0010100111111110011001111101110111111111110110100000100111011001010010
0000101101111111010101101000111111111011000100101010101110100111000100
1001010011001101001000010011011010001000000001111000000000010011101010
1100001011000010000011000111000000010101011000101111101011100011100100
1111110110001110111111110111000110001010101000111101111100101110010100
1111101011011000100110010000110000001000100000111001110101100010011111
0100011001010000001111011001000011100100000111110100111000100010010011
1101010110101111111100110101010100111000000011000001111100000111100010
1111001010101111100001111110110110110110001011000111100111001000011111
1010000100001010100100001101101011110000100111000110101111000011010000
1011101101011110010001100100110101101110010111000010011001100111100100
1101101010011000010111111001101001001011110100100010010000100101110101
1010001010100110101111101001111010011010000111101100000100101011001111
1100101000011010010011011100111110010000100001001110000001111001010011
0101100001101010110111100010101001100011000100010101010010100010010010
1011001101010100101011111100010001101011011011001010011110011110000011
1010001010010000100001110001100110011100111011000001111100000111111010
0011101001110110001110001011110001100110101001101101100001111110011011
1010010110001100001000011000110010101010100101010001010010110110110000
1010100100010010110111111000111101010100111011101111000110001111000111
1000000101011001010011101001001110110110111010101011111011110110110111
0010100001110010100111011010000000100111010110110100111101011100101100
1110011000000011100000111010100001101000011011001100110010010011101010
1100011101011110111010001101011010100111001101000110010011100100001011
1110101001101100010101110101001000111111001001010000100001101010000100
1101001101110000111010100000111100011100101001011011011101110001101000
1000000100010100010001000100001001011000101100110001110010000010111000
1101111100000011000001011010000000101010001110110010100110100000111101
1001100010111001101011001101000001001100011100011100110000011010100010
1011111101011011011011011100101111000111010111010110100100101101010001
1000110000111010100010001011001101110100000110011110001000101101010010
1001011001111010100110000100100110101011110001101010011010011010011111
0010011111000001111100000111011000101010111011000010001111011100101011
0010111001011100010101000010110001001011000010110110101001111100110011
1110111111010001000000101111100111001111111000100101010000110011011010
1011000101000110100010000001001101100110100001100100101110111110110110
0000001011011100001011110100110111000010000010101001001001001111110010
0001010101111010111001001100000001100010000110110101000011011101000101
1010101000011010110101011010001010001001011101011111110100001111000100
1000110011010000011001001010011111010110101111001011110100001001111001
0011001110000001010001001100011111100000101001011111100100110011011101
01011110110010000011001000110100101111000000000011110111111100

G in decimal:

2268039721328120616003866852692405910138044383525571518352165791604641
2609448980929724361431159274593117882131618890350293446758599654943520
4928976633544120930316630077958741485426959376692814237659265286329521
3654109691507398141533974278851793952165056543646867064832301284190374
5617988194258883012472041827721214049393387094095392415088333211902681
3591353700807157793124443734902758144645647791666078974468453346485546
1484375931851525369418158898391476971705295128292834277924929166595627
2800710200004591470100442466273693872410422460459015200637306261604962
7389391550273433156247581217967962380362307619967572482640301093013334
2307213495627117670420268762011210643719754875808411141334666686207627
1832524533660993832318407652515891974794963144016128188100092016475248
8829780808987399302531144300760983772161416303649803920569843142497308
4769234744346583316126504517581125205814804163661192505754531144553384
402986869997052






























