11010011000001000011111110111100
01000111001101010111111000010001
10111110100000110001001000100000
01011000000111001110001001100111
00011110000100011010100100001100
01011011011101111001111110111100
00110101001011011001110100001011
00000010110110110111000011000011
00001100011001110100101111011101
11010111000100100010101110110010
01100110100110000111101000001100
01101111110000100001000110001111
00100101000100100100101110110100
11011001011111111001000110000011
01110000110111001100101011000001
10011101011100110100110101101010
01111101100101010000111100111100
01000001010010000100101101010001
01100011010000001111110111010001
11110110001100110111100001001111
01010010101010001000010111100101
00001101011000110100001110010100
01011111110010000110011101100101
10100011010111111101001010011111
00110001000000101001101011110001
01100110011100010011111011000110
00010001111101111110010110000110
01010100011010001100110010000110
10110001100000011000011010011010
11110001000100110000111010100110
01110101100011011101110101100101
00100011100011110010001011111010
01101111101000010010100110110110
01000110101110001100011010101101
11110111101110111111000111111110
11000000110001100110100001001011
00111111010110000010101011110011
01000001011011011010111001101100
00110100000110110001011110110010
00100001010110001011111111011000
01010111110001000110100000000110
11010100000110010110111100111001
11111110110110111011111100110001
01011100100011000111111011010000
10111110101001111111111101100011
00010110100000100100010111010100
01100011010000010110101111101100
10101001110100101011001111011000
01011010010010101001110000101101
01000101001111010000000101011000
11011101100110010010000010000010
00000101000100000001110100110011
10100110110101000001010010000100
01010100010100010111101000100101
01011011000100111010000001011110
00100111110011111010100100011001
01101011100001001011011111001001
01100011110001010110111101111001
10000001110010011100001101111010
11001000101011000100000001111000
11111111101011111111011101110000
01111011110110101111100001011101
10111100110111110001011011001010
00000000010110101110011100001101
00001011000011100011111110010001
01111101000000101101011001011010
10101000100110010000000001100110
00110111110110101101010011100011
01111001001010010011001111100011
11011001010010000101110111100110
11011111001101110110101110110100
10011000010101110011110011011011
10000000111101101111110001111100
10011011101110011001011011111001
10100101011110011111011010000101
10101111011110001100001011010001
11110111010100010100011001100010
11100111010111100101100110100001
00111001011101001011101001001001
01100000110001101110001100001111
11000100101111000101110100111011
11101111111001000111100101011100
01010111011001010010001011001011
10000000010110000101100010111011
10110110111100100011101111001110
10001111110001000011110000100110
00000101010011000101000111110000
11100101100100111010111100100011
10101010001001010001011101110101
01100111101001100000101011000101
00101100001110000110001000001100
00101111010011011001011101011010
01110111001110101111010101100010
11100111010101111001101100101010
10000100011000100000110010100100
01000100011101101001011101111001
