
Interleaving 2 Montgomery Multiplications in one function to make the CPU
pipeline more busy while waiting for loop-carried dependency chain of one
of the modular multiplications.

LINE-PER-LINE-INTERLEAVED:

       SET 1: 5469.62 5489.77 5456.07 5461.96 5450.11 5469.92 5467.28 5454.82
              5467.10 5451.26 5469.38 5464.14 5451.68 5487.81 5471.41 5462.44
              5563.33 5507.99 5529.71 5453.02 5484.10 5461.40 5470.51 5520.24
              5484.99 5456.38 5450.11 5457.90 5476.91 5449.49 5457.36 5457.89
              5450.56 5445.91 5474.94 5496.19 5448.67 5505.24 5497.77 5471.72
              5471.31 5508.15 5474.22 5449.73 5451.89 5451.16 5469.65 5461.43
              5452.54 5459.29 5463.80 5463.79 5472.98 5493.31 5467.41 5453.19
              5467.07 5453.66 5475.29 5454.32 5476.57 5458.02 5458.91 5480.43
              5458.56 5465.53 5486.85 5445.34 5502.70 5491.92 5479.49 5453.99
              5449.73 5468.67 5490.42 5484.60 5478.60 5447.56 5452.71 5454.02
              5454.85 5446.96 5471.75 5484.89 5458.09 5447.49 5451.41 5447.57
              5454.96 5449.73 5452.93 5452.42 5472.14 5618.28 5450.01 5477.77
              5451.38 5455.45 5453.79 5450.15 5499.58 5486.14 5460.45 5443.12
              5445.57 5456.72 5459.20 5453.56 5443.19 5458.60 5451.72 5451.80
              5447.01 5450.10 5454.50 5466.06 5465.80 5489.91 5447.16 5455.21
              5451.01 5453.87 5465.33 5447.19 5447.85 5441.96 5450.31 5487.39
              --->FINAL AVERAGE: 5466.78 microseconds.

       SET 2: 5455.06 5462.44 5458.58 5558.84 5457.38 5457.98 5466.88 5445.81
              5451.19 5446.40 5453.86 5465.26 5456.09 5462.43 5497.12 5490.47
              5458.31 5458.31 5453.17 5470.80 5451.65 5465.18 5492.71 5453.38
              5478.45 5458.06 5456.14 5470.70 5445.36 5570.73 5490.48 5470.28
              5490.57 5485.42 5479.66 5487.90 5467.11 5553.35 5468.78 5456.67
              5455.91 5456.87 5450.76 5441.77 5457.44 5488.54 5496.87 5484.69
              5448.29 5464.01 5487.17 5458.65 5488.34 5465.00 5510.98 5455.97
              5458.51 5444.97 5447.08 5444.39 5441.88 5456.05 5479.28 5451.31
              5448.76 5469.95 5463.50 5460.20 5454.43 5466.15 5442.58 5472.47
              5479.17 5448.78 5451.82 5464.63 5458.18 5447.17 5449.71 5447.60
              5451.38 5449.74 5447.82 5462.60 5446.69 5471.18 5453.40 5540.35
              5457.19 5457.05 5479.34 5454.08 5453.51 5452.21 5464.60 5474.72
              5452.00 5483.64 5453.46 5463.00 5451.61 5472.16 5453.96 5444.06
              5454.96 5450.14 5476.43 5470.54 5448.62 5446.63 5477.28 5455.99
              5468.80 5453.51 5455.98 5448.77 5486.11 5441.71 5455.12 5474.55
              5452.14 5451.18 5448.64 5442.27 5455.55 5457.92 5531.75 5460.71
              --->FINAL AVERAGE: 5465.11 microseconds.

       SET 3: 5468.94 5449.03 5464.31 5471.42 5447.83 5461.30 5473.51 5499.16
              5450.53 5461.19 5442.42 5443.41 5451.89 5466.05 5489.98 5511.94
              5489.92 5492.73 5491.87 5549.04 5474.97 5451.72 5448.08 5446.85
              5446.16 5442.09 5448.79 5463.69 5476.25 5525.03 5455.81 5541.29
              5462.41 5449.46 5493.36 5450.34 5481.50 5450.18 5452.11 5452.78
              5487.19 5481.13 5480.42 5457.65 5446.83 5463.48 5470.67 5480.64
              5482.08 5451.40 5455.15 5444.35 5461.95 5445.89 5445.02 5454.44
              5464.30 5449.62 5450.77 5446.89 5445.64 5475.51 5456.67 5481.29
              5491.87 5467.69 5465.03 5445.90 5470.70 5462.44 5449.71 5461.30
              5452.20 5483.32 5460.26 5453.69 5459.90 5473.36 5477.29 5463.44
              5471.03 5462.76 5455.31 5466.12 5464.44 5477.18 5464.36 5456.61
              5472.32 5468.53 5444.28 5458.91 5452.46 5450.01 5527.00 5476.27
              5461.62 5446.75 5488.33 5452.38 5455.42 5522.66 5460.38 5446.74
              5523.55 5449.81 5449.81 5461.40 5500.76 5491.09 5449.02 5468.13
              5448.59 5457.14 5448.98 5474.83 5456.02 5450.20 5471.54 5481.92
              5488.96 5443.48 5471.33 5446.33 5442.42 5466.91 5478.76 5458.88
              --->FINAL AVERAGE: 5466.31 microseconds.

       SET 4: 5463.43 5453.97 5542.53 5458.26 5446.68 5485.96 5446.25 5466.68
			        5458.31 5442.62 5449.86 5441.79 5443.44 5442.97 5444.17 5456.12
							5442.71 5445.17 5443.39 5455.75 5460.70 5464.44 5475.56 5518.56
							5453.59 5448.73 5444.44 5453.34 5449.36 5452.25 5473.31 5474.83
							5462.99 5448.01 5495.65 5491.07 5452.23 5443.54 5540.71 5454.86
							5445.67 5463.00 5486.68 5444.12 5461.75 5451.62 5496.13 5450.37
							5450.81 5477.76 5465.73 5447.29 5455.94 5470.18 5460.14 5477.54
							5447.25 5446.13 5445.85 5453.85 5448.50 5491.43 5455.77 5495.27
							5444.98 5460.44 5448.92 5455.37 5449.44 5502.27 5472.62 5457.53
							5489.12 5457.40 5450.37 5452.51 5499.08 5500.05 5500.66 5478.08
							5478.08 5441.00 5472.71 5449.44 5448.75 5443.65 5449.02 5497.84
							5461.99 5446.65 5447.47 5462.78 5469.77 5445.45 5476.56 5447.44
							5475.86 5449.53 5454.63 5489.41 5472.46 5448.74 5452.86 5450.28
							5510.50 5461.81 5467.44 5453.84 5442.55 5463.58 5476.22 5459.67
							5456.79 5455.33 5446.98 5465.43 5467.85 5561.06 5460.15 5461.06
							5479.37 5455.03 5455.02 5580.56 5650.65 5555.47 5574.27 5603.87
							---> FINAL AVERAGE: 5468.69 microseconds.
