Finding 320-bit prime  Q  --  numbers checked: 373
Finding 320-bit prime  Q  --  numbers checked: 374
Finding 320-bit prime  Q  --  numbers checked: 375
Finding 320-bit prime  Q  --  numbers checked: 376
Finding 320-bit prime  Q  --  numbers checked: 377

---> Q prime found!!



*******************************
  BIGINT INFO

  Bits size :  12000
  Used bits :  320
  Free bits :  11680
*******************************



 | 00110101 | 10100011 | 11111111 | 00100001 |
 | 11100010 | 11000101 | 00010111 | 00001101 |
 | 01001111 | 10001101 | 11001011 | 11011001 |
 | 00001000 | 00011101 | 11100000 | 00110100 |
 | 10100010 | 00110010 | 11011111 | 10101111 |
 | 11011100 | 10001110 | 00110110 | 01011110 |
 | 11010001 | 10100001 | 11010001 | 01100000 |
 | 00000010 | 10011010 | 00110010 | 11000100 |
 | 10111010 | 00110100 | 10011111 | 10110110 |
 | 10110011 | 01101101 | 10100111 | 11111110



============ STARTING TO FIND 3072-BIT  M  ==============



[2025-09-24 23:03:48] All 24 threads finished.
Discoveries: [ 0  0  0  0  0  0  0  0  0  0  0  0  0  0  0  0  0  0  0  0  0  0  0  0 ]

3072-bit primes checked: 24  --  The search continues.



[2025-09-24 23:04:57] All 24 threads finished.
Discoveries: [ 0  0  0  0  0  0  0  0  0  0  0  0  0  0  0  0  0  0  0  0  0  0  0  0 ]

3072-bit primes checked: 48  --  The search continues.



[2025-09-24 23:06:06] All 24 threads finished.
Discoveries: [ 0  0  0  0  0  0  0  0  0  0  0  0  0  0  0  0  0  0  0  0  0  0  0  0 ]

3072-bit primes checked: 72  --  The search continues.



[2025-09-24 23:07:15] All 24 threads finished.
Discoveries: [ 0  0  0  0  0  0  0  0  0  0  0  0  0  0  0  0  0  0  0  0  0  0  0  0 ]

3072-bit primes checked: 96  --  The search continues.



[2025-09-24 23:08:27] All 24 threads finished.
Discoveries: [ 0  0  0  0  0  0  0  0  0  0  0  0  0  0  0  0  0  0  0  0  0  0  0  0 ]

3072-bit primes checked: 120  --  The search continues.



[2025-09-24 23:49:09] All 24 threads finished.
Discoveries: [ 0  0  0  0  0  0  0  0  0  0  0  0  0  0  0  1

 ===========>>>   Found M  <<<=========

It was found by thread [15]:


*******************************
  BIGINT INFO

  Bits size :  12000
  Used bits :  3072
  Free bits :  8928
*******************************



 | 11101001 | 10001010 | 10011111 | 10100111 |
 | 10100011 | 11100100 | 11100001 | 01001011 |
 | 10011011 | 00111010 | 11100011 | 10000100 |
 | 01010011 | 01111111 | 00100101 | 10101011 |
 | 00100111 | 11101011 | 01011111 | 01011111 |
 | 01001100 | 11110100 | 11000001 | 00111100 |
 | 01001011 | 11100101 | 10101110 | 00010010 |
 | 00010110 | 10000011 | 11100111 | 01011001 |
 | 11001000 | 01001001 | 00010011 | 11000111 |
 | 01000010 | 11111011 | 11001100 | 01011010 |
 | 10000010 | 11000010 | 00001000 | 10001001 |
 | 11111100 | 10110001 | 01001100 | 00110111 |
 | 11011111 | 00111011 | 01000111 | 11010100 |
 | 01001100 | 00110101 | 11101011 | 11101100 |
 | 01111111 | 10010000 | 01100110 | 00101100 |
 | 01010001 | 01100010 | 01110111 | 00011001 |
 | 01110100 | 01011001 | 11110010 | 11100001 |
 | 00110011 | 11101110 | 11000001 | 10011001 |
 | 10110000 | 00100001 | 11111101 | 10001100 |
 | 00011110 | 01001101 | 11010100 | 01000001 |
 | 01011111 | 01010100 | 00000001 | 11101000 |
 | 10111100 | 01101001 | 01110110 | 10001100 |
 | 10011100 | 10111110 | 00000101 | 01000110 |
 | 00011010 | 11010011 | 10111001 | 11001000 |
 | 00001000 | 11101100 | 11101101 | 01001111 |
 | 10101011 | 11111011 | 01000010 | 01111111 |
 | 00111001 | 11011111 | 10111001 | 01010010 |
 | 10000100 | 00001101 | 10000110 | 11001001 |
 | 01000000 | 11101010 | 10111000 | 10010001 |
 | 00000001 | 01101110 | 00111100 | 01101111 |
 | 00101000 | 00001010 | 11001001 | 00010111 |
 | 11010000 | 01100100 | 11111101 | 00000010 |
 | 00100101 | 11111101 | 10000010 | 01100110 |
 | 01100000 | 01110101 | 10000110 | 01011110 |
 | 00010111 | 11101101 | 00000111 | 10000110 |
 | 00101111 | 11110100 | 10100101 | 11000000 |
 | 10111111 | 00010101 | 00011011 | 10000000 |
 | 10111110 | 10000000 | 00011010 | 10101100 |
 | 01010010 | 00111110 | 00000000 | 10101000 |
 | 11110101 | 10101011 | 01111100 | 01101110 |
 | 10111011 | 10010001 | 11111010 | 01001101 |
 | 01011111 | 00110011 | 11101101 | 10011110 |
 | 11001111 | 01000101 | 00001010 | 10101100 |
 | 10110111 | 10011010 | 00011101 | 01110100 |
 | 11010111 | 01011000 | 11011011 | 10000001 |
 | 00111010 | 01101001 | 10110110 | 00110100 |
 | 10110100 | 11011010 | 01011110 | 11010111 |
 | 10011000 | 11000111 | 11110111 | 01111101 |
 | 10110110 | 01111000 | 11101001 | 11010010 |
 | 11010001 | 00001111 | 11001111 | 11000110 |
 | 11011110 | 10101001 | 11011101 | 11110011 |
 | 10111000 | 11000011 | 00100110 | 00011100 |
 | 01001000 | 11011111 | 00011001 | 01010110 |
 | 00111101 | 10000110 | 11010000 | 01000100 |
 | 11110100 | 11101010 | 11100011 | 10100011 |
 | 11001100 | 10011001 | 01000110 | 11100010 |
 | 11111010 | 00011000 | 11100110 | 00001011 |
 | 00111101 | 01100010 | 00001100 | 11101011 |
 | 10101011 | 00001110 | 01101111 | 01110110 |
 | 11111101 | 11110010 | 01110110 | 00101010 |
 | 01110011 | 10110111 | 11010111 | 11000010 |
 | 00010000 | 01000110 | 00100011 | 11110100 |
 | 11101111 | 11000100 | 00101000 | 10001001 |
 | 01010001 | 00011010 | 00101100 | 00011111 |
 | 10001010 | 00001000 | 01110100 | 10111100 |
 | 10101001 | 11100101 | 01111011 | 01001011 |
 | 01010011 | 01100110 | 11001111 | 01110101 |
 | 01000110 | 00000100 | 01010001 | 10010000 |
 | 10100010 | 10010010 | 10111110 | 11101000 |
 | 10111111 | 01100011 | 00100000 | 10110110 |
 | 00111011 | 01111000 | 01010101 | 11100100 |
 | 00001111 | 00110000 | 00101010 | 00000101 |
 | 11110100 | 11100000 | 00101001 | 00100100 |
 | 01001011 | 10001001 | 11100100 | 01100100 |
 | 10110100 | 11001111 | 10111010 | 01111001 |
 | 00010111 | 00011011 | 01010011 | 10101111 |
 | 01000101 | 10110100 | 00001111 | 10010001 |
 | 01111011 | 10000101 | 01110011 | 11010011 |
 | 01001101 | 01010111 | 10111111 | 00000010 |
 | 01010011 | 01010111 | 11000110 | 00001011 |
 | 00001101 | 10100010 | 01111010 | 10000111 |
 | 10010110 | 00000111 | 11100001 | 01110101 |
 | 11010111 | 11111000 | 01101101 | 00101111 |
 | 11111101 | 11100010 | 10100000 | 00101101 |
 | 11010010 | 11101111 | 11001100 | 11110110 |
 | 11010110 | 00101110 | 01001011 | 11111101 |
 | 00001000 | 01111100 | 10010011 | 01000101 |
 | 01110010 | 01001011 | 11111000 | 10111101 |
 | 10001110 | 11101101 | 11110101 | 01110010 |
 | 01101010 | 00110011 | 00101010 | 00111010 |
 | 10110001 | 11001101 | 10110011 | 00000010 |
 | 10111110 | 00111111 | 10011010 | 00110011 |
 | 11111100 | 00110100 | 01010110 | 11010000 |
 | 10000110 | 00110000 | 10111011 | 00110000 |
 | 01111010 | 00010011 | 10110011 | 00110000 |
 | 10110011 | 01000011 | 10101101 | 11010111
